%YAML:1.0
---
CameraMatrix: !!opencv-matrix
   rows: 3
   cols: 3
   dt: d
   data: [ 1.0954777131912397e+03, 0., 4.9677232909707072e+02, 0.,
       1.0951055112814104e+03, 4.0416087032005225e+02, 0., 0., 1. ]
DistCoeffs: !!opencv-matrix
   rows: 1
   cols: 5
   dt: d
   data: [ -4.5960553408692278e-01, 1.1632577263771497e+00,
       -1.0092414012932871e-03, 3.3550031187088618e-04,
       -3.5247351333587704e+00 ]
