%YAML:1.0
---
CameraMatrix: !!opencv-matrix
   rows: 3
   cols: 3
   dt: d
   data: [ 1.6501393602720882e+03, 0., 1.9563333876312754e+03, 0.,
       1.6490338016151122e+03, 1.1418382621044414e+03, 0., 0., 1. ]
DistCoeffs: !!opencv-matrix
   rows: 1
   cols: 5
   dt: d
   data: [ -1.3812129540572515e-02, -2.6603466677525223e-02,
       8.3931511635765310e-04, 2.1433092007944486e-05,
       6.6231913165910091e-03 ]
