%YAML:1.0
---
CameraMatrix: !!opencv-matrix
   rows: 3
   cols: 3
   dt: d
   data: [ 1.0995736774021502e+03, 0., 4.9382770169910634e+02, 0.,
       1.1010831859630860e+03, 4.0646144243711285e+02, 0., 0., 1. ]
DistCoeffs: !!opencv-matrix
   rows: 1
   cols: 5
   dt: d
   data: [ -4.6877310534460692e-01, 1.3296445689917187e+00,
       -5.0973558844123073e-04, 7.0634259246872056e-04,
       -4.3873109412717479e+00 ]
